0 0.3505859375 0.722222221875 0.345703125 0.7274305562500001 0.35546875 0.734375 0.3505859375 0.722222221875
0 0.3408203125 0.3541666671875 0.2939453125 0.375 0.275390625 0.4010416671875 0.2734375 0.453125 0.2783203125 0.46180555625 0.3798828125 0.4791666671875 0.3896484375 0.49652777812500004 0.408203125 0.4947916671875 0.42578125 0.47743055625 0.4296875 0.390625 0.4033203125 0.3576388890625 0.3408203125 0.3541666671875
0 0.71640625 0.69453125 0.0890625 0.090625
0 0.59140625 0.72421875 0.0890625 0.08984375
0 0.3875 0.746875 0.1265625 0.10390625
0 0.2953125 0.5796875 0.0765625 0.08671875
0 0.375 0.57421875 0.06171875 0.059375
0 0.3484375 0.65625 0.1078125 0.05390625
0 0.4359375 0.671875 0.08671875 0.08515625
0 0.521875 0.6890625 0.0859375 0.09921875
0 0.45390625 0.56953125 0.0609375 0.05546875
0 0.5109375 0.57578125 0.0515625 0.06796875
0 0.61796875 0.6140625 0.06328125 0.0609375
0 0.77734375 0.58046875 0.02578125 0.08125
0 0.5859375 0.52734375 0.0359375 0.0421875
0 0.33046875 0.71328125 0.084375 0.0765625