0 0.4396480546875 0.7686606890625 0.4310747078125 0.7587596999999999 0.42815358437500006 0.7652739640624999 0.4396480546875 0.7686606890625
0 0.25540998125000003 0.4795587171875 0.270519940625 0.5294403515624999 0.27796284375 0.536058290625 0.3796442984375 0.519408028125 0.39453010312500003 0.5326439046875 0.4115086828125 0.5249615640624999 0.4224769015625 0.5028234328125001 0.3979092078125 0.41947541718750003 0.362239315625 0.39687075312500003 0.30201395937500003 0.4139357125 0.2644754453125 0.448895021875 0.25540998125000003 0.4795587171875
0 0.76796875 0.61328125 0.1140625 0.1140625
0 0.659375 0.68203125 0.1140625 0.1140625
0 0.47421875 0.7703125 0.153125 0.1390625
0 0.33203125 0.6421875 0.1 0.10625
0 0.40625 0.6109375 0.078125 0.0765625
0 0.4078125 0.696875 0.11875 0.0859375
0 0.4953125 0.68359375 0.109375 0.109375
0 0.58203125 0.671875 0.1140625 0.121875
0 0.47890625 0.58046875 0.075 0.071875
0 0.53515625 0.56796875 0.0703125 0.08125
0 0.6484375 0.56953125 0.0796875 0.078125
0 0.78828125 0.4859375 0.0515625 0.0859375
0 0.58984375 0.49765625 0.0484375 0.0515625
0 0.409375 0.75703125 0.1046875 0.1