0 0.29973281875 0.6889814249999999 0.2981617546875 0.6759789781250001 0.2920973046875 0.679746078125 0.29973281875 0.6889814249999999
0 0.3086563046875 0.34628040625 0.2932895734375 0.39608353749999997 0.2957593140625 0.40573207499999997 0.3893677703125 0.4487879296875 0.394307253125 0.46808500468750003 0.41267904375000003 0.47121035781250004 0.43415159374999995 0.45899036562499995 0.4603916734375 0.3761536484375 0.44346035937500006 0.33746718124999997 0.3839886734375 0.3179370828125 0.3333188359375 0.32592839375 0.3086563046875 0.34628040625
0 0.65859375 0.74375 0.109375 0.1109375
0 0.53046875 0.740625 0.109375 0.109375
0 0.32734375 0.709375 0.1484375 0.1328125
0 0.28203125 0.52421875 0.096875 0.103125
0 0.36015625 0.5390625 0.075 0.0734375
0 0.31328125 0.61171875 0.11875 0.0796875
0 0.39375 0.64921875 0.10625 0.1046875
0 0.471875 0.68828125 0.109375 0.11875
0 0.4375 0.55546875 0.0734375 0.06875
0 0.490625 0.57578125 0.0671875 0.0796875
0 0.584375 0.640625 0.0765625 0.075
0 0.746875 0.64921875 0.0453125 0.084375
0 0.57578125 0.5484375 0.0453125 0.05
0 0.28125 0.6625 0.1015625 0.0953125